name: createnpy
channels:
  - conda-forge
  - defaults
dependencies:
  - bzip2=1.0.8=h0d85af4_4
  - ca-certificates=2020.12.5=h033912b_0
  - cairo=1.16.0=hec6a9b0_1003
  - certifi=2020.12.5=py36h79c6626_1
  - ffmpeg=4.3=hd0c0d6a_0
  - fontconfig=2.13.1=h10f422b_1005
  - freetype=2.10.4=h4cff582_1
  - gettext=0.19.8.1=haf92f58_1004
  - glib=2.65.0=h577aef8_0
  - gmp=6.2.0=h4a8c4bd_2
  - gnutls=3.6.13=hc269f14_0
  - graphite2=1.3.13=h12caacf_1001
  - harfbuzz=2.4.0=hd8d2a14_3
  - hdf5=1.10.6=nompi_h3e39495_100
  - icu=64.2=h6de7cb9_1
  - jasper=1.900.1=h636a363_1006
  - jpeg=9d=hbcb3906_0
  - lame=3.100=h35c211d_1001
  - libblas=3.9.0=8_openblas
  - libcblas=3.9.0=8_openblas
  - libclang=8.0.1=ha1b3eb9_2
  - libcxx=10.0.0=1
  - libedit=3.1.20210216=h9ed2024_1
  - libffi=3.2.1=h0a44026_1007
  - libgfortran=4.0.0=7_5_0_h1a10cd1_22
  - libgfortran4=7.5.0=h1a10cd1_22
  - libiconv=1.16=haf1e3a3_0
  - liblapack=3.9.0=8_openblas
  - liblapacke=3.9.0=8_openblas
  - libllvm8=8.0.1=h770b8ee_0
  - libopenblas=0.3.12=openmp_h63d9170_1
  - libopencv=4.4.0=py36_2
  - libpng=1.6.37=h7cec526_2
  - libtiff=4.1.0=ha78913b_3
  - libwebp-base=1.2.0=h0d85af4_2
  - libxml2=2.9.10=h53d96d6_0
  - libxslt=1.1.33=h320ff13_0
  - llvm-openmp=11.1.0=hda6cdc1_1
  - lz4-c=1.9.2=h4a8c4bd_1
  - ncurses=6.2=h0a44026_1
  - nettle=3.4.1=h3efe00b_1002
  - nspr=4.20=h0a44026_1000
  - nss=3.47=hc0980d9_0
  - numpy=1.19.5=py36h08dc641_1
  - opencv=4.4.0=py36_2
  - openh264=2.1.1=hd174df1_0
  - openssl=1.1.1k=h0d85af4_0
  - pcre=8.44=h4a8c4bd_0
  - pip=21.0.1=py36hecd8cb5_0
  - pixman=0.38.0=h01d97ff_1003
  - py-opencv=4.4.0=py36h95af2a2_2
  - pyside2=5.13.2=py36ha8f7116_2
  - python=3.6.8=haf84260_0
  - python_abi=3.6=1_cp36m
  - qt=5.12.5=h1b46049_0
  - qtpy=1.9.0=py_0
  - readline=7.0=h1de35cc_5
  - setuptools=52.0.0=py36hecd8cb5_0
  - sqlite=3.33.0=hffcf06c_0
  - tk=8.6.10=hb0a8c7a_0
  - wheel=0.36.2=pyhd3eb1b0_0
  - x264=1!152.20180806=h1de35cc_0
  - xz=5.2.5=h1de35cc_0
  - zlib=1.2.11=h1de35cc_3
  - zstd=1.4.5=h0384e3a_1
prefix: /Users/murakamikei/opt/anaconda3/envs/createnpy
